3333333333113333333333333133 '

3333333333133333333333333

MVLTJssvolNE‘
REPROBORVMs

’ 3333333333 313311 ’

313 13333333 3 3313 11331333 33333 313 mo-

* 33 33131313 nam 31331313 33111331331113331-
111111 11111 313113, 33113 3333313 333113 33311333
3333333113111331333333 3331311 3313331131133 11333113- 3

3. 13311111 1313 1313313331333133313333113311313-

3333311331313331333333333333333,13333331313
33331313. 1111133133 3 13313313, 3333 3333333131333313)3
133133311131333 1311, 33133 333 333333333333133 ,
1311 ,331333 ο 33133 313 331133 333333 3333133133 3133331,
313 3313133, 333313331313313331133 333331331331333, 1
3131 333311 1133333113, 33 go5 133311333333333331, w
domui w (1333133, w pokoiu 1 woynie‚ 1331311333,
13133 1333333313, 3331331313331313, 3133111133 113-
3331 133 11311313 33311111 1 313113333313311. Co 33-
33333 3313 11331333 11313313 uwagi 3333333333.1
multi vocati pauci 313111. (3(’13333333313131331
3133313333313131333331333133333333131313133
3333313133 333311 oczy wszystek narod 13333131,
133313 33133333313313313331331 1 13331313 33 313113311-
333313, 33133133, 33 33133133 331313 13133 33313,
- 3133υ

 

