296 ί1111111111 1111111111

11111111 1111111111 11111 1111, 11111111111111111-

(11111, 1101111111 11111111111111111 1111111 1111111111

” 1111111 111111 1111111, 1111111 1111111111111111, 1

11111111 1111, 111111111111 111111111111111111-
(11111111111111111111111111111111111111111111111 ῖ
111011111111111111111111111111011,1111111111111111 ·
nie do (111111111111111111111111111111111111
nie 1111111111. 1111 1111111 1111 1111111111 110111 101 nie
1011111111111 11111111111011111111111111111111110
11111111, 11111111111111111111111111111111111111
111111111111111111111 111111111111111111111111111,
1111111111 01111111, 1111111111 1101111111 1 1111111
1111111111, 111110 1111111111, 111111 111111111111111
111111,1111111111111111111111111111111111,1111
1111111111 1111101111111111111111μ1111111111 11111111
111111111111,1111111101111118 1111111111·
11111110,11111111110111111111111111,1111110111,
111111111111,11111111111111111111111111,1111ο-
1111 111 ten 11111111 111111 1101111111 11111111 co-
(11111111111111111111111111111111111,11 1111011111 111-
11 1111111101 10 111-1111111111, 11011111 11111111
11111111 11111 1.(1111111111111111111111111 pu-
11111, 1111111 11111111, 11111011111111111111111011111ι
1111111111111 11011110,1111111111111111111111111111
1111111 (1111011111, 1 1111111111 1 1111111111-
111111111111111111111111111 po 0111111111, le· Ἴ
11111 1111110110 111 1111111·111111111111111111111-
111111 1111111111. 11111 11011111 1 1111101111
111 1101111111 ludii 1 111111,1 (1111111111 1111111
- 1111111

 

