0111101111 1110111111. 293

’ ’11111111 1110111110 1011111111, 1111111111
0111111111 1111 11111111. 111111 111111111011
1101111 11110111, 111111111 po 0111111111 111111
11111111110111111 Το11111111011111111111111110

111111101110111110 11111, 1110111 1111111111 s

· 111111111011111111110111111111011111161111101]- ’
111111111Ρ1111111110 11111111111101101011111111,
- 111111111101110111 1111111111,1111111’1111111-“

1111111111 1111111, 10 ,1111111 1110 1111111111 11111 ᾗ

111 11110111111,” 11 011 1111111 ,11111111 11111·
1111 101 1111111111,γ 11111 111011 1111111 11111111 ·

1111111111111 1111110101111 111 81110111, 11111111
11011111111111111111111,01110111111111111,111-

1111111111 1 ι101111 11111111,111111111011 11111111 1111 ’

111111 1111010111]110101111111101111110111-
¹ 1111111 1111111110110101 111111 11111111 1111011
1111111111 111 1110111110.> ,1111111 1111111111111111-
111111 111011 1 1111111111111111111 0111111011- ·
1011111101111, 11111111 1111111 1111 11101 list
1110 111111111011110111111, 1 Ρ11111Τ11110·
11111011111111111111, 1111111111 11111» 11111 od
11101111 11111111 01111111. Coi (11111 1111111101
0111011111 111 0111101111111111111, 1111111111 <

1111111111 111111111111111 nie 1111111111 111 ’
⁴Cerkiew 1111111. Prawda 111111111111111 s

1110111 11111 111011, 111 111111 111111 11110111
11111111. 111111111101111111Μ111101111111111111
10111111Μο11111111111111 1111110111111111 1110- -
11111118111101111111, 81111111, Pelagiusz, Do-

T4 . natus,

 

