111111111 1111111111. 289

1111111111 1111111111. 2111111 1111111131111111,
11 1111111111 §ig bierze 11 figure Krolestwa

1111111111, 1111111111 1 E⁴giptu 11111111-
, 1111, 1 11111 111111 do 1111111 1111111111 do.
1111, 11111 1111111111 11111111 Josue 1 Cha·
111). 011111 11111111 111111 11111111111111111-

1111111111111,7 11111111, 11111 1111111111 · ”

Ν11111111111 1111111 1111111111111111111111111
11111111, 111111 1111111111 tego 1111111111
11111 1111111111111 11111111111111111111111-
111, 1111111111111 1111, 11111111111111111.
(111111 1111111 owe 111111 111111 1111111111,
11111 11111111111111 11111, 111111 1111111111
11111111111111111 111111, 111111 111111. (111111
11 (111111 111111111111111111, 11111 (11Ι [111111
’ 111111 Josue. 611111 sq 11111111111111111111
(1111111111111111111111 11 111 ι11111111 li-
, 11111, 11 1111111111111111111111111111111·
11111, 1111111111111111 1111111111 w biegu ·
swoim 1111111, poki 1111111111 1111111111111111
1111111, Do iedney nie- 1111111 1111111, 11111
111111 11111111111111111. 611111 Lud 1111-Ἰ
111111111 611111 11111111 1111111111111 11111111-
1111111111 11111111 11111111 1 1111111·
low 111111 111 111111 1111111111, 111111111111
niu 1111111. Ale 11 1 1111111 1111111 nieskofi-¹
11111 11111111 1111111111, ’111111111111111
111111 1111 1111111111 1111111111 owe 1111111, 11111
11 111 1111111111 Ludu 1111111, 1111 61111111, ,
“ Τ1 Ab·

 

