111 111111111111111101011111

1111111111111 111111 111111 11111111 opere 1111 111111-
” 11111 1111 1111111111 111111 1111111111 1111111 11
110111,1111ο111111111;111111111111111111111011
11111111 11111 11111110 111 111111 80101110111’ 11
11 1111 1111111) (11111111111111111111. (1011111111111
gubi 1111111111.> 111111 1ο,’ 11111111) 1111111111 01111
’11111111111111111ἰ Α 11110111 1111 1111111111111111,
1111111111111111111111111 1111111111,1111ο go 111-
11111111111111111111111111τ1τε111111111111111111111

1111111·11111τ111[111 11111'1111b1f1151‘f1111
11111111111111.Ι 1111. 111 1111 11311111111111
11111τέ 11111111111111111111111110111. 01111-
111 11111111111111110 podrzuc'ie (1111111111. Ty 10,
ty owe 111 1111111111111111111111111111111111,11111-
11111 1111111 11111111, 111111111111111111,11111111111-
1111111111 1111111111 1111 11111111111111.. 11111111
1111111111111111, (11101 1111 11111110111111 1111111
111011) 111 przypomniec‘ ow upadek Teodory
1111111111 11111111111111110111. 111111 111 11111111
111111 1111111 1111111111 1111 1111111111 1111 1111111111
11, 1111111111 11111111 1111. 111111 1111111111 11 1111111 101-
11111111111111111111111111111111111111111111111111
111111111111 11111111 1111111111, 11111111 111 111111110-
1111111 111111 1111111111111111111, 1111111101
1101111110 11 1111111 1111111, 11111011 i 11 1111111111
(11111111 nie 1111111 3 111111111111111111111110-
1011111111 1111111, Α 11110 1111111111111111111-
11111111111111111111111 1111101111οὲ 1111111111, 1111
1τ111 11111 pamiec 11111111111111 przygodzle 11111,
1111111111 11110111 1111111111111111111111111111111111
wie 11 11111111 11111111τ111 1110111111111111111. Co
11

 

